MY_ACCOUNT_ID=0.0.14171302
MY_PRIVATE_KEY=302e020100300506032b6570042204204b6bd322f8a4b5047eb4e2f6c33a3bc4512f19170b40b9880e2bbbe39dfea911
STORAGE_CONTRACT=0.0.14821171
BORROW_CONTRACT=0.0.14825589
ENABLE_HASHPACK=false
